        42.000                     0       0.39732E-05       0.39732E-05       0.99815           0.99815           0.99800           0.14467E-03
        42.000                     1       0.11913E-04       0.15886E-04       0.45877E-02       0.99356           0.99125           0.23123E-02
        42.000                     2       0.19831E-04       0.35717E-04       0.43843E-02       0.98918           0.97751           0.11667E-01
        42.000                     3       0.27715E-04       0.63433E-04       0.77894E-03       0.98996           0.95338           0.36580E-01
        42.000                     4       0.35550E-04       0.98983E-04       0.12784E-01        1.0027           0.91484           0.87898E-01
        42.000                     5       0.43322E-04       0.14231E-03       0.32872E-01        1.0356           0.85839           0.17723    
        42.000                     6       0.51014E-04       0.19332E-03       0.60758E-01        1.0964           0.78265           0.31372    
        42.000                     7       0.58609E-04       0.25193E-03       0.93459E-01        1.1898           0.69060           0.49922    
        42.000                     8       0.66089E-04       0.31802E-03       0.12419            1.3140           0.59169           0.72234    
        42.000                     9       0.73434E-04       0.39145E-03       0.14213            1.4562           0.50288           0.95328    
        42.000                    10       0.80623E-04       0.47207E-03       0.13404            1.5902           0.44718            1.1430    
        42.000                    11       0.87639E-04       0.55971E-03       0.88800E-01        1.6790           0.44802            1.2310    
        42.000                    12       0.94472E-04       0.65419E-03       0.47446E-02        1.6837           0.51942            1.1643    
        42.000                    13       0.10112E-03       0.75531E-03       0.10258            1.5812           0.65427           0.92689    
        42.000                    14       0.10761E-03       0.86291E-03       0.19723            1.3839           0.81665           0.56728    
        42.000                    15       0.11395E-03       0.97686E-03       0.23091            1.1530           0.94610           0.20692    
        42.000                    16       0.12017E-03       0.10970E-02       0.16571           0.98730           0.97941           0.78918E-02
        42.000                    17       0.12630E-03       0.12233E-02       0.54416E-02       0.98186           0.88609           0.95777E-01
        42.000                    18       0.13233E-03       0.13557E-02       0.18386            1.1657           0.69987           0.46586    
        42.000                    19       0.13819E-03       0.14939E-02       0.29019            1.4559           0.51959           0.93633    
        42.000                    20       0.14381E-03       0.16377E-02       0.22000            1.6759           0.46130            1.2146    
        42.000                    21       0.14910E-03       0.17868E-02       0.16904E-01        1.6590           0.57665            1.0824    
        42.000                    22       0.15401E-03       0.19408E-02       0.27140            1.3876           0.79373           0.59388    
        42.000                    23       0.15859E-03       0.20994E-02       0.33405            1.0536           0.94604           0.10752    
        42.000                    24       0.16299E-03       0.22624E-02       0.11219           0.94138           0.89870           0.42676E-01
        42.000                    25       0.16736E-03       0.24297E-02       0.23545            1.1768           0.68215           0.49468    
        42.000                    26       0.17179E-03       0.26015E-02       0.38229            1.5591           0.49501            1.0641    
        42.000                    27       0.17619E-03       0.27777E-02       0.14186            1.7010           0.52840            1.1726    
        42.000                    28       0.18036E-03       0.29580E-02       0.27645            1.4245           0.75530           0.66922    
        42.000                    29       0.18404E-03       0.31421E-02       0.41090            1.0136           0.92652           0.87103E-01
        42.000                    30       0.18718E-03       0.33293E-02       0.60676E-01       0.95295           0.83751           0.11544    
        42.000                    31       0.19002E-03       0.35193E-02       0.38838            1.3413           0.59067           0.75067    
        42.000                    32       0.19291E-03       0.37122E-02       0.35191            1.6932           0.49925            1.1940    
        42.000                    33       0.19605E-03       0.39082E-02       0.17287            1.5204           0.68764           0.83273    
        42.000                    34       0.19927E-03       0.41075E-02       0.48429            1.0361           0.89718           0.13889    
        42.000                    35       0.20212E-03       0.43096E-02       0.99477E-01       0.93660           0.82480           0.11180    
        42.000                    36       0.20429E-03       0.45139E-02       0.45429            1.3909           0.57577           0.81512    
        42.000                    37       0.20595E-03       0.47199E-02       0.31281            1.7037           0.53316            1.1705    
        42.000                    38       0.20763E-03       0.49275E-02       0.34950            1.3542           0.76397           0.59022    
        42.000                    39       0.20975E-03       0.51372E-02       0.45581           0.89838           0.88833           0.10046E-01
        42.000                    40       0.21208E-03       0.53493E-02       0.21885            1.1172           0.69577           0.42146    
        42.000                    41       0.21399E-03       0.55633E-02       0.52611            1.6433           0.52172            1.1216    
        42.000                    42       0.21506E-03       0.57784E-02       0.11973            1.5236           0.67550           0.84811    
        42.000                    43       0.21570E-03       0.59941E-02       0.56749           0.95612           0.87140           0.84721E-01
        42.000                    44       0.21668E-03       0.62108E-02       0.53330E-01        1.0094           0.74187           0.26758    
        42.000                    45       0.21826E-03       0.64290E-02       0.58272            1.5922           0.53873            1.0534    
        42.000                    46       0.21978E-03       0.66488E-02       0.45172E-01        1.5470           0.65990           0.88710    
        42.000                    47       0.22046E-03       0.68693E-02       0.60129           0.94571           0.85647           0.89235E-01
        42.000                    48       0.22040E-03       0.70897E-02       0.77949E-01        1.0237           0.72540           0.29826    
        42.000                    49       0.22055E-03       0.73102E-02       0.59978            1.6234           0.54560            1.0778    
        42.000                    50       0.22147E-03       0.75317E-02       0.17260            1.4508           0.69769           0.75314    
        42.000                    51       0.22255E-03       0.77542E-02       0.58396           0.86687           0.84542           0.21450E-01
        42.000                    52       0.22277E-03       0.79770E-02       0.30067            1.1675           0.66420           0.50334    
        42.000                    53       0.22214E-03       0.81991E-02       0.50770            1.6753           0.56616            1.1091    
        42.000                    54       0.22175E-03       0.84209E-02       0.46316            1.2121           0.76971           0.44238    
        42.000                    55       0.22226E-03       0.86432E-02       0.36435           0.84775           0.79811           0.49639E-01
        42.000                    56       0.22291E-03       0.88661E-02       0.59816            1.4459           0.58958           0.85633    
        42.000                    57       0.22257E-03       0.90886E-02       0.12024            1.5661           0.64389           0.92225    
        42.000                    58       0.22143E-03       0.93101E-02       0.66272           0.90342           0.82156           0.81862E-01
        42.000                    59       0.22079E-03       0.95309E-02       0.18410            1.0875           0.68707           0.40046    
        42.000                    60       0.22113E-03       0.97520E-02       0.56833            1.6559           0.58054            1.0753    
        42.000                    61       0.22129E-03       0.99733E-02       0.49472            1.1611           0.76548           0.39567    
        42.000                    62       0.22027E-03       0.10194E-01       0.29946           0.86168           0.76562           0.96062E-01
        42.000                    63       0.21879E-03       0.10412E-01       0.66618            1.5279           0.58699           0.94087    
        42.000                    64       0.21823E-03       0.10631E-01       0.12145            1.4064           0.69455           0.71186    
        42.000                    65       0.21845E-03       0.10849E-01       0.59555           0.81086           0.79796           0.12896E-01
        42.000                    66       0.21794E-03       0.11067E-01       0.51816            1.3290           0.62534           0.70368    
        42.000                    67       0.21627E-03       0.11283E-01       0.22462            1.5536           0.64437           0.90928    
        42.000                    68       0.21479E-03       0.11498E-01       0.68904           0.86460           0.79593           0.68666E-01
        42.000                    69       0.21452E-03       0.11713E-01       0.28857            1.1532           0.66563           0.48754    
        42.000                    70       0.21440E-03       0.11927E-01       0.45770            1.6109           0.61874           0.99213    
        42.000                    71       0.21304E-03       0.12140E-01       0.66190           0.94897           0.78028           0.16869    
        42.000                    72       0.21102E-03       0.12351E-01       0.81643E-01        1.0306           0.69419           0.33642    
        42.000                    73       0.20998E-03       0.12561E-01       0.58222            1.6128           0.61044            1.0024    
        42.000                    74       0.20987E-03       0.12771E-01       0.59523            1.0176           0.76394           0.25367    
        42.000                    75       0.20900E-03       0.12980E-01       0.56364E-01       0.96124           0.70971           0.25153    
        42.000                    76       0.20690E-03       0.13187E-01       0.63563            1.5969           0.61097           0.98590    
        42.000                    77       0.20512E-03       0.13392E-01       0.54470            1.0522           0.75260           0.29957    
        42.000                    78       0.20465E-03       0.13596E-01       0.11959           0.93258           0.71473           0.21784    
        42.000                    79       0.20419E-03       0.13801E-01       0.65198            1.5846           0.61481           0.96974    
        42.000                    80       0.20236E-03       0.14003E-01       0.53377            1.0508           0.74790           0.30288    
        42.000                    81       0.20008E-03       0.14203E-01       0.11640           0.93438           0.71132           0.22306    
        42.000                    82       0.19902E-03       0.14402E-01       0.64124            1.5756           0.62068           0.95494    
        42.000                    83       0.19872E-03       0.14601E-01       0.56166            1.0140           0.74826           0.26570    
        42.000                    84       0.19736E-03       0.14798E-01       0.47027E-01       0.96693           0.70167           0.26526    
        42.000                    85       0.19490E-03       0.14993E-01       0.59873            1.5657           0.62897           0.93669    
        42.000                    86       0.19320E-03       0.15186E-01       0.61674           0.94892           0.75114           0.19778    
        42.000                    87       0.19276E-03       0.15379E-01       0.85724E-01        1.0346           0.68736           0.34728    
        42.000                    88       0.19188E-03       0.15571E-01       0.50890            1.5435           0.64087           0.90268    
        42.000                    89       0.18957E-03       0.15761E-01       0.67214           0.87141           0.75360           0.11781    
        42.000                    90       0.18731E-03       0.15948E-01       0.26532            1.1367           0.66988           0.46685    
        42.000                    91       0.18648E-03       0.16134E-01       0.34674            1.4835           0.65818           0.82529    
        42.000                    92       0.18595E-03       0.16320E-01       0.68006           0.80340           0.75158           0.51825E-01
        42.000                    93       0.18404E-03       0.16504E-01       0.46418            1.2676           0.65263           0.61494    
        42.000                    94       0.18145E-03       0.16686E-01       0.10143            1.3690           0.68113           0.68788    
        42.000                    95       0.18004E-03       0.16866E-01       0.58973           0.77928           0.74102           0.38265E-01
        42.000                    96       0.17962E-03       0.17045E-01       0.62427            1.4036           0.64093           0.76263    
        42.000                    97       0.17825E-03       0.17224E-01       0.20279            1.2008           0.70653           0.49423    
        42.000                    98       0.17563E-03       0.17399E-01       0.36768           0.83308           0.72039           0.11270    
        42.000                    99       0.17361E-03       0.17573E-01       0.65969            1.4928           0.64046           0.85231    
        42.000                   100       0.17300E-03       0.17746E-01       0.49241            1.0004           0.72795           0.27240    
        42.000                   101       0.17216E-03       0.17918E-01       0.19034E-01       0.98132           0.69260           0.28872    
        42.000                   102       0.16984E-03       0.18088E-01       0.50368            1.4850           0.65456           0.83044    
        42.000                   103       0.16732E-03       0.18255E-01       0.65203           0.83297           0.73731           0.95663E-01
        42.000                   104       0.16622E-03       0.18421E-01       0.36413            1.1971           0.66545           0.53166    
        42.000                   105       0.16572E-03       0.18587E-01       0.15031            1.3474           0.68101           0.66640    
        42.000                   106       0.16397E-03       0.18751E-01       0.56810           0.77931           0.72872           0.50595E-01
        42.000                   107       0.16124E-03       0.18912E-01       0.61520            1.3945           0.65009           0.74443    
        42.000                   108       0.15946E-03       0.19072E-01       0.29088            1.1036           0.71031           0.39332    
        42.000                   109       0.15895E-03       0.19231E-01       0.21081           0.89282           0.70357           0.18925    
        42.000                   110       0.15788E-03       0.19389E-01       0.57479            1.4676           0.65530           0.81231    
        42.000                   111       0.15536E-03       0.19544E-01       0.60051           0.86710           0.72788           0.13922    
        42.000                   112       0.15294E-03       0.19697E-01       0.27107            1.1382           0.67346           0.46471    
        42.000                   113       0.15199E-03       0.19849E-01       0.20066            1.3388           0.67991           0.65891    
        42.000                   114       0.15144E-03       0.20000E-01       0.55854           0.78029           0.72265           0.57637E-01
        42.000                   115       0.14954E-03       0.20150E-01       0.59520            1.3755           0.65631           0.71918    
        42.000                   116       0.14679E-03       0.20297E-01       0.31373            1.0618           0.70944           0.35232    
        42.000                   117       0.14507E-03       0.20442E-01       0.13695           0.92481           0.69690           0.22791    
