   42.0000000000000                0  3.709237775373353E-006
   42.0000000000000                1  3.707081788428823E-006
   42.0000000000000                2  3.702767694346853E-006
   42.0000000000000                3  3.696286015375527E-006
   42.0000000000000                4  3.687610959146603E-006
   42.0000000000000                5  3.676688542952888E-006
   42.0000000000000                6  3.663426719646701E-006
   42.0000000000000                7  3.647692446540063E-006
   42.0000000000000                8  3.629323214959790E-006
   42.0000000000000                9  3.608160779711156E-006
   42.0000000000000               10  3.584111971322024E-006
   42.0000000000000               11  3.557232017170620E-006
   42.0000000000000               12  3.527813722814521E-006
   42.0000000000000               13  3.496445744821663E-006
   42.0000000000000               14  3.463992143792893E-006
   42.0000000000000               15  3.431447752055838E-006
   42.0000000000000               16  3.399656889224723E-006
   42.0000000000000               17  3.368950853954722E-006
   42.0000000000000               18  3.338843638012179E-006
   42.0000000000000               19  3.307984593803326E-006
   42.0000000000000               20  3.274534526642725E-006
   42.0000000000000               21  3.236962707986457E-006
   42.0000000000000               22  3.194985708665499E-006
   42.0000000000000               23  3.150118524697376E-006
   42.0000000000000               24  3.105308053474864E-006
   42.0000000000000               25  3.063524546487173E-006
   42.0000000000000               26  3.025911505694090E-006
   42.0000000000000               27  2.990689804804880E-006
   42.0000000000000               28  2.953903222135956E-006
   42.0000000000000               29  2.912003362776083E-006
   42.0000000000000               30  2.864711553529631E-006
   42.0000000000000               31  2.815808171630074E-006
   42.0000000000000               32  2.770616208014332E-006
   42.0000000000000               33  2.731647304687890E-006
   42.0000000000000               34  2.696043560623806E-006
   42.0000000000000               35  2.657649931681050E-006
   42.0000000000000               36  2.612615154218290E-006
   42.0000000000000               37  2.563499902685784E-006
   42.0000000000000               38  2.517317627681592E-006
   42.0000000000000               39  2.478605683142732E-006
   42.0000000000000               40  2.444370408305474E-006
   42.0000000000000               41  2.406853949032950E-006
   42.0000000000000               42  2.362030587010899E-006
   42.0000000000000               43  2.314575698436627E-006
   42.0000000000000               44  2.272879290332597E-006
   42.0000000000000               45  2.239113636615109E-006
   42.0000000000000               46  2.206241599633785E-006
   42.0000000000000               47  2.166455520313804E-006
   42.0000000000000               48  2.121210773253779E-006
   42.0000000000000               49  2.079733766868763E-006
   42.0000000000000               50  2.047066796184716E-006
   42.0000000000000               51  2.017126903175459E-006
   42.0000000000000               52  1.980684222968598E-006
   42.0000000000000               53  1.938134514989365E-006
   42.0000000000000               54  1.899218532996905E-006
   42.0000000000000               55  1.869331835213650E-006
   42.0000000000000               56  1.841630492771529E-006
   42.0000000000000               57  1.806791754210835E-006
   42.0000000000000               58  1.766793654933707E-006
   42.0000000000000               59  1.732139284560397E-006
   42.0000000000000               60  1.706092695452632E-006
   42.0000000000000               61  1.679605431181841E-006
   42.0000000000000               62  1.645105634828781E-006
   42.0000000000000               63  1.608298358046767E-006
   42.0000000000000               64  1.579312996158322E-006
   42.0000000000000               65  1.556734413155070E-006
   42.0000000000000               66  1.529780297770955E-006
   42.0000000000000               67  1.495531966377861E-006
   42.0000000000000               68  1.463667617884745E-006
   42.0000000000000               69  1.440751209447200E-006
   42.0000000000000               70  1.419521636680798E-006
   42.0000000000000               71  1.390789920230340E-006
   42.0000000000000               72  1.358610912216562E-006
   42.0000000000000               73  1.333504414668951E-006
   42.0000000000000               74  1.314909996663616E-006
   42.0000000000000               75  1.292158072763172E-006
   42.0000000000000               76  1.262417508529623E-006
   42.0000000000000               77  1.235418351508422E-006
   42.0000000000000               78  1.216891726052438E-006
   42.0000000000000               79  1.198889317488572E-006
   42.0000000000000               80  1.173375034579927E-006
   42.0000000000000               81  1.145932054136267E-006
   42.0000000000000               82  1.126063700729318E-006
   42.0000000000000               83  1.110890250788366E-006
   42.0000000000000               84  1.090195809849703E-006
   42.0000000000000               85  1.064049179100302E-006
   42.0000000000000               86  1.042551525887170E-006
   42.0000000000000               87  1.028303885486359E-006
   42.0000000000000               88  1.012023003066354E-006
   42.0000000000000               89  9.886762444288877E-007
   42.0000000000000               90  9.661127921001267E-007
   42.0000000000000               91  9.513002471317478E-007
   42.0000000000000               92  9.383296144527264E-007
   42.0000000000000               93  9.187695205747914E-007
   42.0000000000000               94  8.962559300274009E-007
   42.0000000000000               95  8.800022019972431E-007
   42.0000000000000               96  8.688396042622060E-007
   42.0000000000000               97  8.533875207605846E-007
   42.0000000000000               98  8.323071856164432E-007
   42.0000000000000               99  8.144566407963794E-007
   42.0000000000000              100  8.034960032876626E-007
   42.0000000000000              101  7.917302141668969E-007
   42.0000000000000              102  7.734318038243870E-007
   42.0000000000000              103  7.545887628079839E-007
   42.0000000000000              104  7.424502352915141E-007
   42.0000000000000              105  7.332132190285279E-007
   42.0000000000000              106  7.186519087598597E-007
   42.0000000000000              107  7.001090718272707E-007
   42.0000000000000              108  6.860201940961375E-007
   42.0000000000000              109  6.775881777887349E-007
   42.0000000000000              110  6.669254458691043E-007
   42.0000000000000              111  6.503846426975102E-007
   42.0000000000000              112  6.345517871153561E-007
   42.0000000000000              113  6.250654861483795E-007
   42.0000000000000              114  6.173546800436469E-007
   42.0000000000000              115  6.043490654583650E-007
   42.0000000000000              116  5.881366219595563E-007
   42.0000000000000              117  5.763214182552545E-007
